x <-
1:50
y <-
100:150
z <-
c(2, 2, 2, 2, 2, 2, 2, 2, 2, 2)
