randomdata <-
c(64, 38, 97, 88, 24, 14, 104)
